Model	Iter	MCC	TPR	FNR	FPR	TNR	ACC	MMCE	Kappa	Time
Hyp1	1	0.5476014	0.3323724	0.6676276	0.0008675	0.9991325	0.9780767	0.0219233	0.4804827	1754.6
Hyp1	2	0.5498018	0.334308	0.665692	0.0008487	0.9991513	0.978156	0.021844	0.4828535	2185.3
Hyp1	3	0.5426896	0.3272249	0.6727751	0.0008782	0.9991218	0.9779037	0.0220963	0.474608	2285.8
Hyp1	4	0.5500973	0.3361612	0.6638388	0.0009038	0.9990962	0.9781612	0.0218388	0.4842563	1534
Hyp1	5	0.552429	0.3378908	0.6621092	0.0008715	0.9991285	0.978247	0.021753	0.4865417	1514.9
Hyp2	1	0.5937028	0.745666	0.254334	0.0245827	0.9754173	0.9681619	0.0318381	0.5807484	140
Hyp2	2	0.6244977	0.6745462	0.3254538	0.0145675	0.9854325	0.9756149	0.0243851	0.6233987	157
Hyp2	3	0.5104263	0.8337522	0.1662478	0.0529296	0.9470704	0.9434919	0.0565081	0.458048	169
Hyp2	4	0.6076232	0.7165921	0.2834079	0.0199592	0.9800408	0.9717213	0.0282787	0.6010725	160
Hyp2	5	0.5432816	0.8035666	0.1964334	0.0404086	0.9595914	0.9546643	0.0453357	0.5072958	66
Hyp3	1	0.5140336	0.7581019	0.2418981	0.0409363	0.9590637	0.9527175	0.0472825	0.4813023	2203
Hyp3	2	0.5377539	0.7179095	0.2820905	0.0309883	0.9690117	0.9610821	0.0389179	0.5191562	1280.6
Hyp3	3	0.5888118	0.6083268	0.3916732	0.0134731	0.9865269	0.9745836	0.0254164	0.5887637	905.2
Hyp3	4	0.5914128	0.6177166	0.3822834	0.0139458	0.9860542	0.9744223	0.0255777	0.5910358	2849.9
Hyp3	5	0.5761236	0.6570856	0.3429144	0.0189789	0.9810211	0.9707914	0.0292086	0.5724134	2845.9