"set"	"f1"	"mcc"	"tpr"	"fpr"	"fnr"	"tnr"	"ppv"	"acc"	"bac"	"mmce"	"kappa"	"auc"	"classifier"
"set1"	0.078	0.088	0.873	0.62	0.126	0.379	0.04	0.39	0.62	0.606	0.023	0.673	"NB"
"set2"	0.087	0.1	0.88	0.603	0.11	0.396	0.04	0.411	0.639	0.588	0.028	0.69	"NB"
"set3"	0.091	0.102	0.88	0.612	0.112	0.387	0.04	0.404	0.637	0.595	0.029	0.709	"NB"
"set4"	0.084	0.074	0.81	0.614	0.185	0.38	0.04	0.399	0.599	0.6	0.02	0.65	"NB"
"set5"	0.07	0.096	0.81	0.52	0.18	0.47	0.04	0.48	0.64	0.512	0.02	0.71	"NB"
"set1"	0.05	0	0.12	0.12	0.88	0.88	0.03	0.86	0.5	0.14	0	0.51	"L1R"
"set2"	0.05	0	0.121	0.121	0.878	0.878	0.03	0.854	0.5	0.145	0	0.507	"L1R"
"set3"	0.058	0.007	0.131	0.119	0.869	0.881	0.037	0.856	0.506	0.144	0.005	0.505	"L1R"
"set4"	0.052	-0.001	0.119	0.121	0.881	0.879	0.033	0.853	0.499	0.147	-0.001	0.507	"L1R"
"set5"	0.05	0.009	0.139	0.121	0.861	0.879	0.031	0.859	0.509	0.141	0.007	0.518	"L1R"
"set1"	0.038	0.01	0.035	0.025	0.964	0.974	0.04	0.946	0.505	0.053	0.01	0.508	"L2R"
"set2"	0.024	-0.004	0.022	0.026	0.977	0.973	0.027	0.94	0.49	0.056	-0.004	0.508	"L2R"
"set3"	0.037	0.007	0.033	0.027	0.967	0.973	0.042	0.941	0.503	0.059	0.007	0.508	"L2R"
"set4"	0.024	-0.003	0.02	0.023	0.98	0.977	0.03	0.944	0.499	0.056	-0.003	0.505	"L2R"
"set5"	0.025	-0.002	0.025	0.027	0.975	0.973	0.025	0.947	0.499	0.053	-0.002	0.513	"L2R"
"set1"	0.28	0.31	0.18	0.004	0.82	0.99	0.57	0.97	0.59	0.03	0.26	0.89	"RF"
"set2"	0.31	0.33	0.22	0.006	0.77	0.99	0.53	0.96	0.61	0.03	0.3	0.89	"RF"
"set3"	0.36	0.38	0.26	0.006	0.73	0.99	0.6	0.97	0.63	0.03	0.35	0.92	"RF"
"set4"	0.35	0.39	0.24	0.004	0.76	0.99	0.66	0.97	0.62	0.03	0.34	0.91	"RF"
"set5"	0.34	0.36	0.24	0.004	0.75	0.99	0.58	0.97	0.61	0.02	0.33	0.91	"RF"
