Time	Concentration	Triflusal	Methoxysalicylic_acid	Isopropylbenzoic_acid	enzyme_control	Cox_inhib
0	400µM	0	0	0	0	0
1	400µM	239.3333333	324.6666667	935	665	424.6666667
2	400µM	518	552.3333333	1817.666667	1174	595.3333333
3	400µM	773	841.6666667	2602.666667	1765	887.3333333
4	400µM	954.6666667	1126.333333	3504.666667	2175.666667	1138.666667
5	400µM	1144.666667	1300.333333	4219	2624	1405
6	400µM	1293	1488.666667	5116.333333	2924.666667	1575
7	400µM	1514.666667	1746.333333	6018	3295	1843.666667
8	400µM	1665.666667	1942.333333	6811.333333	3547.666667	1972
9	400µM	1869.333333	2055.666667	7629	3824.333333	2194.333333
10	400µM	2068.333333	2285.333333	8379	4185.333333	2424.333333
0	200µM	0	0	0	0	0
1	200µM	152	291.3333333	515	665	424.6666667
2	200µM	363	581.3333333	1152	1174	595.3333333
3	200µM	569	861	1713	1765	887.3333333
4	200µM	714.3333333	1080.333333	2234	2175.666667	1138.666667
5	200µM	871	1321.666667	2801.666667	2624	1405
6	200µM	1131.333333	1544	3376.333333	2924.666667	1575
7	200µM	1261.666667	1797.333333	4019.333333	3295	1843.666667
8	200µM	1484.333333	1979	4587	3547.666667	1972
9	200µM	1702	2189	5043	3824.333333	2194.333333
10	200µM	1842.666667	2383.666667	5533.333333	4185.333333	2424.333333
0	100µM	0	0	0	0	0
1	100µM	205.6666667	294	492.3333333	665	424.6666667
2	100µM	484.3333333	526.6666667	934	1174	595.3333333
3	100µM	614.6666667	849.3333333	1427.666667	1765	887.3333333
4	100µM	871.3333333	1210.333333	1789.333333	2175.666667	1138.666667
5	100µM	1073.333333	1344	2296	2624	1405
6	100µM	1257.333333	1595.666667	2700.666667	2924.666667	1575
7	100µM	1479	1815.666667	3068.333333	3295	1843.666667
8	100µM	1629.333333	1970.333333	3329	3547.666667	1972
9	100µM	1851.333333	2260.666667	3698.333333	3824.333333	2194.333333
10	100µM	2027	2417	4099	4185.333333	2424.333333
0	50µM	0	0	0	0	0
1	50µM	225.3333333	390.3333333	442.3333333	665	424.6666667
2	50µM	489.3333333	689	862.6666667	1174	595.3333333
3	50µM	733.6666667	1045.666667	1252	1765	887.3333333
4	50µM	963.6666667	1257	1690.333333	2175.666667	1138.666667
5	50µM	1141.333333	1499.666667	1992.666667	2624	1405
6	50µM	1429	1725.333333	2277.333333	2924.666667	1575
7	50µM	1634	1996.666667	2692.666667	3295	1843.666667
8	50µM	1882.333333	2221	3048.333333	3547.666667	1972
9	50µM	2007	2408.333333	3337.333333	3824.333333	2194.333333
10	50µM	2200	2624.333333	3629	4185.333333	2424.333333
0	25µM	0	0	0	0	0
1	25µM	276.6666667	365.3333333	518.3333333	665	424.6666667
2	25µM	591	800	915.6666667	1174	595.3333333
3	25µM	934.3333333	1073.666667	1331.666667	1765	887.3333333
4	25µM	1105.333333	1371.666667	1665.666667	2175.666667	1138.666667
5	25µM	1267.333333	1554	2048.666667	2624	1405
6	25µM	1601.333333	1807.666667	2387	2924.666667	1575
7	25µM	1788.333333	2145	2644.666667	3295	1843.666667
8	25µM	1979.333333	2320.333333	2920	3547.666667	1972
9	25µM	2217.666667	2542.333333	3251	3824.333333	2194.333333
10	25µM	2363.333333	2828.666667	3551	4185.333333	2424.333333
0	12.5µM	0	0	0	0	0
1	12.5µM	357.6666667	388.6666667	456.3333333	665	424.6666667
2	12.5µM	624	726	877.6666667	1174	595.3333333
3	12.5µM	897.6666667	1013.333333	1197.666667	1765	887.3333333
4	12.5µM	1126.333333	1274.666667	1631	2175.666667	1138.666667
5	12.5µM	1417.666667	1543	1926.333333	2624	1405
6	12.5µM	1646.333333	1890.666667	2301.333333	2924.666667	1575
7	12.5µM	1824.333333	2094.666667	2538.333333	3295	1843.666667
8	12.5µM	2029.333333	2304.666667	2845	3547.666667	1972
9	12.5µM	2211.333333	2473	3094.333333	3824.333333	2194.333333
10	12.5µM	2420	2789.666667	3367	4185.333333	2424.333333