Iter	ntree	nodesize	mtry	classwt	f1.test.mean	mcc.test.mean	tpr.test.mean	fnr.test.mean	fpr.test.mean	tnr.test.mean	acc.test.mean	mmce.test.mean	kappa.test.mean	ppv.test.mean	auc.test.mean	exec.time
1	208	21	19	2358	0.675913	0.6719463	0.6068982	0.3931018	0.005665222	0.9943348	0.9830522	0.01694779	0.6673277	0.7627374	0.9769672	190373.28
2	109	37	30	692	0.6691265	0.6592418	0.6675368	0.3324632	0.009830873	0.9901691	0.9807737	0.01922627	0.6592262	0.670776	0.9748894	110327.98
3	106	47	29	1674	0.6605882	0.6512708	0.7080139	0.2919861	0.013066388	0.9869336	0.9788112	0.02118883	0.6497035	0.6191523	0.9740764	110495.07
4	109	49	15	2604	0.6489282	0.6425531	0.7428618	0.2571382	0.016397067	0.9836029	0.9765923	0.02340771	0.6370217	0.5761474	0.9734594	105582.19
5	103	43	21	1709	0.6638376	0.6545822	0.7104191	0.2895809	0.012896018	0.987104	0.9790466	0.02095339	0.6530723	0.6230252	0.9742629	97638.94
6	229	21	21	1233	0.6740313	0.670791	0.6006551	0.3993449	0.00544727	0.9945527	0.983082	0.01691799	0.6654804	0.7679035	0.9770124	204165.72
7	241	27	23	2515	0.6794029	0.6721385	0.6359128	0.3640872	0.007080377	0.9929196	0.9825232	0.0174768	0.6704632	0.7293271	0.9767502	211519.6
8	199	37	22	2008	0.6746481	0.6648371	0.6861635	0.3138365	0.010438683	0.9895613	0.980726	0.01927396	0.6647203	0.6635789	0.9755215	176792.84
9	298	31	27	1734	0.6775337	0.669088	0.6475801	0.3524199	0.007918419	0.9920816	0.9820493	0.01795068	0.6683219	0.7104254	0.9765914	259921.88
10	279	48	30	1821	0.6637024	0.6546541	0.7144614	0.2855386	0.013156947	0.9868431	0.978911	0.02108899	0.6528742	0.6197439	0.9755434	238525.75